47
829
1048
69315
284071
9153820
37204916
849102635
1928403756
50392817462
718492036158
2840193857264
93018274510938
418203947152069
6029384715029384
19384027519384027
840293817402938172
3710294857102948571
92038471029384710293
581029384710293847102
2049182736401928374615
73920184736201928374610
183920475610293847561029
4029183746201928374620193
85019283746102938475610293
294018273645102938475610294
6102938475610293847561029384
37401928374610293847561029384
902819384756102938475610293847
1582039482710394827103948271039
84019283746510293847561029384756
293840192837465102938475610293847
6102938475610293847561029384756102
48571029384756102938475610293847561
920384710293847561029384756102938475
3710293847561029384756102938475610293
84019283746510293847561029384756102938
192837465019283746510293847561029384756
5019283746102938475610293847561029384756
28401928374651029384756102938475610293847
739201928374651029384756102938475610293847
41029384756102938475610293847561029384756102
859201928374651029384756102938475610293847561
3049182736451029384756102938475610293847561029
92837461029384756102938475610293847561029384756
610293847561029384756102938475610293847561029384
1827364501928374651029384756102938475610293847561
74920183746510293847561029384756102938475610293847
203948172635401928374651029384756102938475610293847
8510293847561029384756102938475610293847561029384756
49201827364510293847561029384756102938475610293847561
938201928374651029384756102938475610293847561029384756
3710293847561029384756102938475610293847561029384756102
10293847561029384756102938475610293847561029384756102938
684920183746510293847561029384756102938475610293847561029
2510293847561029384756102938475610293847561029384756102938
83920192837465102938475610293847561029384756102938475610293
401928374651029384756102938475610293847561029384756102938470
9582019283746510293847561029384756102938475610293847561029384
71029384756102938475610293847561029384756102938475610293847561
382019283746510293847561029384756102938475610293847561029384756
1928374651029384756102938475610293847561029384756102938475610293
50293847561029384756102938475610293847561029384756102938475610294
820192837465102938475610293847561029384756102938475610293847561029
4739201928374651029384756102938475610293847561029384756102938475610
29183746501928374651029384756102938475610293847561029384756102938471
610293847561029384756102938475610293847561029384756102938475610293847
3840192837465102938475610293847561029384756102938475610293847561029384
92019283746510293847561029384756102938475610293847561029384756102938475
510293847561029384756102938475610293847561029384756102938475610293847561
1827364501928374651029384756102938475610293847561029384756102938475610293
74920183746510293847561029384756102938475610293847561029384756102938475610
203948172635401928374651029384756102938475610293847561029384756102938475610
8510293847561029384756102938475610293847561029384756102938475610293847561029
49201827364510293847561029384756102938475610293847561029384756102938475610293
938201928374651029384756102938475610293847561029384756102938475610293847561029
3710293847561029384756102938475610293847561029384756102938475610293847561029384
1029384756102938475610293847561029384756102938475610293847561029384756102938475
68492018374651029384756102938475610293847561029384756102938475610293847561029384
251029384756102938475610293847561029384756102938475610293847561029384756102938475
8392019283746510293847561029384756102938475610293847561029384756102938475610293847
4019283746510293847561029384756102938475610293847561029384756102938475610293847561
95820192837465102938475610293847561029384756102938475610293847561029384756102938472
710293847561029384756102938475610293847561029384756102938475610293847561029384756103
3820192837465102938475610293847561029384756102938475610293847561029384756102938475610
19283746510293847561029384756102938475610293847561029384756102938475610293847561029384
5029384756102938475610293847561029384756102938475610293847561029384756102938475610293841
820192837465102938475610293847561029384756102938475610293847561029384756102938475610293847
4739201928374651029384756102938475610293847561029384756102938475610293847561029384756102938
29183746501928374651029384756102938475610293847561029384756102938475610293847561029384756102
6102938475610293847561029384756102938475610293847561029384756102938475610293847561029384756103
384019283746510293847561029384756102938475610293847561029384756102938475610293847561029384756102